#{"t_start": 1665114006.9083464, "env_id": "Pendulum-v1"}
r,l,t
-887.335183,200,2.727364
-963.697361,200,3.168139
-1205.044174,200,3.572159
-993.379904,200,3.968709
-1512.375004,200,4.366987
-1337.2691,200,4.749741
-931.538472,200,5.13385
-900.735178,200,5.516673
-1369.726363,200,5.9039
-898.014339,200,6.284981
-1105.133984,200,6.668923
-1517.180861,200,7.048512
-787.685877,200,7.429166
-811.666831,200,7.807882
-898.513241,200,8.185671
-794.143933,200,9.470002
-1494.341404,200,9.946267
-1429.97137,200,10.36753
-1463.850299,200,10.815442
-1500.565923,200,11.213854
-939.73767,200,11.641482
-1533.271952,200,11.998948
-1134.237186,200,12.367317
-1017.840642,200,12.725931
-933.11184,200,13.081278
-1057.079741,200,13.44774
-830.721198,200,13.805318
-967.986998,200,14.184817
-986.676861,200,14.560946
-845.176589,200,14.933122
-1063.282454,200,15.315403
-1509.880826,200,16.60941
-666.514289,200,17.068244
-1067.329057,200,17.531651
-1258.105591,200,17.943097
-1227.350601,200,18.363836
-1413.339989,200,18.752197
-1116.851465,200,19.144744
-847.22297,200,19.526194
-1325.919269,200,19.906085
-1044.971971,200,20.286624
-1204.549774,200,20.668955
-1264.848076,200,21.045994
-1422.022252,200,21.426437
-1087.007142,200,21.805903
-1324.451361,200,22.192221
-985.904339,200,23.466757
-1388.456437,200,23.930378
-1225.287968,200,24.316558
-1209.438785,200,24.70249
-1081.742896,200,25.093516
-1540.215747,200,25.480579
-923.386738,200,25.861727
-1029.334478,200,26.257577
-1121.020401,200,26.647926
-1317.757238,200,27.032449
-994.494386,200,27.415797
-838.297225,200,27.792084
-1527.8091,200,28.170961
-1011.132054,200,28.544404
-1070.574836,200,28.92403
-948.004237,200,29.312849
-993.342026,200,30.571916
-665.843029,200,31.015533
-789.312118,200,31.395315
-1511.012616,200,31.775615
-767.71636,200,32.151564
-1051.20903,200,32.530076
-1193.632497,200,32.911523
-608.857526,200,33.29464
-634.719822,200,33.678857
-1491.277946,200,34.053059
-1493.113073,200,34.431663
-1108.357397,200,34.812521
-1440.37279,200,35.196216
-1187.230763,200,35.573671
-1110.058108,200,35.963387
-1014.777865,200,36.345567
-1210.114565,200,37.654539
-1099.62613,200,38.033376
-784.660001,200,38.411828
-1143.693864,200,38.793323
-1526.894284,200,39.179668
-939.679829,200,39.564617
-1282.052946,200,39.952297
-1302.623854,200,40.339838
-874.584856,200,40.718275
-1072.062751,200,41.105665
-800.127714,200,41.485414
-546.009304,200,41.875504
-1322.076502,200,42.264431
-680.828505,200,42.650861
-943.394922,200,43.045183
-409.0064,200,44.365722
-1491.803504,200,44.776601
-1590.242553,200,45.216707
-1245.069511,200,45.69464
-935.773932,200,46.288182
-1447.083615,200,46.777207
-1089.900989,200,47.159575
-409.555937,200,47.544468
-1207.802668,200,47.926744
-683.650345,200,48.315846
-1268.544962,200,48.691008
-830.267855,200,49.070959
-1146.288319,200,49.447141
-668.322338,200,49.824901
-807.624839,200,50.20915
-1511.24658,200,50.593341
-273.774323,200,51.925799
-996.078031,200,52.368931
-623.101851,200,52.829724
-1187.43705,200,53.242012
-1499.291689,200,53.669278
-542.3561,200,54.063238
-1245.774979,200,54.453234
-864.280721,200,54.847225
-269.972672,200,55.307542
-675.867516,200,55.679811
-826.793479,200,56.048025
-416.845894,200,56.423191
-139.892782,200,56.796537
-846.225228,200,57.173507
-1513.345021,200,57.545778
-2.426671,200,57.920882
-136.309371,200,59.256609
-136.865504,200,59.632734
-1441.806933,200,60.014973
-891.502275,200,60.389691
-1500.283037,200,60.756944
-136.780913,200,61.134933
-540.824919,200,61.511493
-553.491699,200,61.890743
-412.066088,200,62.272295
-806.83218,200,62.645307
-718.161784,200,63.02216
-137.920406,200,63.40942
-798.634383,200,63.793981
-1037.611613,200,64.183469
-749.369345,200,64.563809
-580.205062,200,65.892522
-270.634017,200,66.325186
-545.280088,200,66.767648
-585.644331,200,67.215125
-709.380828,200,67.631428
-6.989236,200,68.039562
-407.672247,200,68.396279
-137.229266,200,68.762951
-669.114637,200,69.145375
-131.416895,200,69.527002
-267.421857,200,69.914073
-438.220787,200,70.304282
-854.380743,200,70.694458
-555.908131,200,71.067682
-401.500285,200,71.456902
-4.631299,200,71.858543
-267.798066,200,73.232721
-137.165287,200,73.613883
-563.539736,200,73.988411
-427.147981,200,74.376443
-135.637029,200,74.768253
-134.620375,200,75.161154
-130.004729,200,75.54634
-302.479306,200,75.929416
-579.331933,200,76.312431
-431.072469,200,76.688018
-2.556367,200,77.064677
-386.988089,200,77.443217
-403.117977,200,77.821486
-135.08463,200,78.194815
-7.606274,200,78.569461
-1.686247,200,79.843654
-400.508211,200,80.228104
-262.008593,200,80.632307
-267.65273,200,81.041189
-267.199069,200,81.433687
-2.405465,200,81.844811
-134.03272,200,82.227078
-134.717153,200,82.596523
-133.92007,200,82.967818
-2.324582,200,83.344161
-372.626214,200,83.710944
-265.384061,200,84.081638
-4.28191,200,84.452953
-410.227612,200,84.82071
-131.804061,200,85.186704
-542.426818,200,85.556454
-135.945572,200,86.796716
-130.699249,200,87.171795
-2.67408,200,87.586029
-272.132968,200,88.004427
-132.683323,200,88.409979
-0.581555,200,88.819884
-132.716826,200,89.196076
-288.452992,200,89.571157
-128.319767,200,89.943937
-249.156109,200,90.323104
-130.885131,200,90.699637
-366.785513,200,91.078066
-130.043127,200,91.448389
-264.88548,200,91.824091
-385.902591,200,92.207955
-268.2882,200,92.583965
-415.103675,200,93.858247
-415.510114,200,94.239617
-253.459327,200,94.614851
-505.991029,200,94.989907
-378.351235,200,95.364583
-251.960696,200,95.74503
-130.22705,200,96.12956
-129.679343,200,96.512495
-135.434496,200,96.908451
-131.316569,200,97.286751
-392.540581,200,97.657567
-261.185186,200,98.021429
-128.046896,200,98.391198
-388.060667,200,98.764006
-133.05037,200,99.149334
-497.451476,200,100.422045
-345.373463,200,100.80859
-276.354245,200,101.237354
-138.676206,200,101.665973
-3.207442,200,102.083224
-128.182922,200,102.492798
-133.293726,200,102.876889
-131.587024,200,103.243675
-139.049159,200,103.616256
-273.017506,200,103.990654
-397.714583,200,104.367453
-426.76624,200,104.742173
-0.381645,200,105.120894
-267.820221,200,105.496096
-266.690805,200,105.870868
-376.361739,200,106.251837
-269.329285,200,107.554203
-352.223679,200,107.941279
-263.601206,200,108.366381
-127.991539,200,108.809066
-266.501226,200,109.219902
-257.003371,200,109.639214
-127.177414,200,110.026138
-1.652594,200,110.39995
-131.954294,200,110.77855
-346.799909,200,111.14764
-302.65136,200,111.530013
-125.391953,200,111.923166
-0.670277,200,112.311134
-346.263911,200,112.685271
-276.678839,200,113.070419
-274.277482,200,113.447834
-7.152845,200,114.718891
-130.837131,200,115.09461
-128.522031,200,115.491962
-376.708182,200,115.873651
-135.332898,200,116.25083
-367.608717,200,116.632494
-129.708366,200,117.015709
-136.368536,200,117.407296
-255.853575,200,117.790632
-126.116496,200,118.176337
-250.744376,200,118.566943
-130.690319,200,118.961266
-131.833551,200,119.348849
-134.28956,200,119.731709
-253.779387,200,120.118121
-125.046305,200,121.404402
-277.274445,200,121.779691
-302.562268,200,122.18523
-129.423958,200,122.628738
-260.617411,200,123.046123
-258.633121,200,123.462901
-132.615639,200,123.862214
-135.062002,200,124.258914
-134.390475,200,124.662576
-5.937222,200,125.064538
-281.197896,200,125.448326
-256.722646,200,125.832536
-252.396675,200,126.224393
-134.010716,200,126.619359
-131.429065,200,127.00844
-138.542371,200,127.408202
-132.133009,200,128.684388
-2.442135,200,129.06022
-128.06245,200,129.46218
-128.175748,200,129.862567
-128.277495,200,130.285803
-239.596419,200,130.715921
-130.560891,200,131.17125
-1.146097,200,131.572078
-126.918061,200,131.964978
-126.444543,200,132.339584
-119.966989,200,132.714746
-335.890952,200,133.090359
-131.384163,200,133.468878
-124.859851,200,133.841474
-128.720567,200,134.240954
-131.321096,200,135.509826
-4.040308,200,135.892863
-2.961765,200,136.272596
-131.047122,200,136.652952
-138.110125,200,137.040565
-15.418055,200,137.41541
-134.610709,200,137.786566
-140.280412,200,138.163259
-264.642945,200,138.528653
-140.59759,200,138.908114
-131.961203,200,139.292104
-132.532641,200,139.669065
-250.092764,200,140.041466
-134.301289,200,140.412694
-131.50404,200,140.78038
-341.045927,200,141.144029
-249.987318,200,142.353827
-135.076012,200,142.717436
-131.896681,200,143.079341
-130.484941,200,143.449465
-132.560174,200,143.818196
-123.082872,200,144.188579
-136.850789,200,144.560323
-136.219454,200,144.963755
-130.288754,200,145.33824
-277.564406,200,145.715062
-279.337526,200,146.101723
-126.587942,200,146.495604
-134.16949,200,146.892444
-141.514053,200,147.2849
-276.558707,200,147.668123
-145.185894,200,148.051716
-131.448992,200,149.325474
-265.233309,200,149.68801
-131.276003,200,150.051113
-290.796604,200,150.421796
-391.40515,200,150.793988
-132.05095,200,151.15226
-136.166147,200,151.520173
-257.617428,200,151.901414
-322.777774,200,152.277021
-134.53705,200,152.660166
-268.177029,200,153.037054
-246.429912,200,153.414254
-252.426984,200,153.800395
-140.965669,200,154.181513
-298.985825,200,154.555625
-135.429684,200,155.777302
-124.98582,200,156.160193
-133.702951,200,156.544663
-130.221878,200,156.93155
-131.81381,200,157.313185
-130.165054,200,157.695293
-255.277124,200,158.070075
-139.599654,200,158.446055
-272.13925,200,158.824939
-133.362503,200,159.201821
-130.817018,200,159.567909
-2.692117,200,159.941596
-4.779417,200,160.315793
-258.293303,200,160.687958
-9.337244,200,161.065575
-142.101782,200,161.448167
-126.601625,200,162.705813
-133.547647,200,163.085377
-135.641427,200,163.470953
-267.285176,200,163.850276
-253.992643,200,164.229465
-136.991133,200,164.594629
-133.408131,200,164.965862
-6.016006,200,165.352217
-133.18553,200,165.739327
-137.87422,200,166.119787
-138.198926,200,166.501286
-263.969534,200,166.890167
-138.852377,200,167.278493
-8.272517,200,167.66655
-134.207517,200,168.04768
-139.17506,200,168.42638
-132.685718,200,169.713197
-139.106699,200,170.094831
-365.517642,200,170.470762
-142.579164,200,170.850614
-10.536254,200,171.227732
-137.646096,200,171.6103
-136.81645,200,171.995802
-135.960039,200,172.369126
-415.518027,200,172.739548
-136.654791,200,173.108371
-137.398869,200,173.476567
-305.045093,200,173.844552
-133.742554,200,174.225615
-251.590228,200,174.610223
-132.404636,200,174.991379
-135.261353,200,176.272217
-9.87399,200,176.650843
-138.69192,200,177.112007
-270.700099,200,177.557675
-8.423612,200,177.995659
-383.333881,200,178.430212
-134.028486,200,178.807028
-133.291001,200,179.18685
-138.949072,200,179.569081
-134.817312,200,179.948493
-333.692102,200,180.332036
-133.7272,200,180.699419
-133.167814,200,181.075756
-135.699413,200,181.446531
-264.610071,200,181.813767
-138.885844,200,182.177248
-382.903065,200,183.42171
-13.863522,200,183.799124
-135.669397,200,184.173332
-136.854697,200,184.54167
-137.547099,200,184.910931
-8.703623,200,185.288211
-139.837135,200,185.669436
-259.168173,200,186.045754
-8.580537,200,186.42282
-127.287107,200,186.803381
-137.872029,200,187.184652
-285.172632,200,187.569183
-136.228955,200,187.942745
-264.387305,200,188.326636
-133.630449,200,188.711505
-10.360992,200,189.964877
-141.44542,200,190.34392
-7.746455,200,190.726452
-137.843697,200,191.10882
-10.634437,200,191.487071
-13.563311,200,191.871823
-139.046721,200,192.252435
-141.311804,200,192.631135
-382.985484,200,193.007325
-267.31924,200,193.385931
-137.404232,200,193.755153
-145.431121,200,194.132825
-138.489073,200,194.50143
-139.908115,200,194.87257
-143.219918,200,195.244172
-138.407615,200,195.622343
-15.169533,200,196.867677
-138.711476,200,197.246324
-291.091883,200,197.624527
-143.9141,200,197.997167
-279.15435,200,198.364928
-255.438234,200,198.749351
-261.362672,200,199.133884
-142.912394,200,199.512526
-261.296939,200,199.888067
-266.195407,200,200.272751
-261.322109,200,200.658645
-256.038698,200,201.044113
-140.447647,200,201.427336
-16.08274,200,201.802247
-144.921639,200,202.169969
-140.402666,200,202.531586
-143.619788,200,203.775687
-264.485587,200,204.163494
-139.85169,200,204.541236
-267.258208,200,204.918763
-140.990861,200,205.291215
-300.847757,200,205.660758
-286.516177,200,206.032005
-400.755059,200,206.410157
-256.924795,200,206.777687
-276.399168,200,207.153309
-261.902832,200,207.52369
-132.849114,200,207.902034
-137.760761,200,208.267009
-139.385032,200,208.643472
-138.753331,200,209.02809
-134.972526,200,210.275128
-261.166869,200,210.659753
-402.306666,200,211.045487
-271.366452,200,211.426693
-281.013095,200,211.807486
-403.144144,200,212.18821
-141.216895,200,212.566106
-142.563894,200,212.944897
-272.432495,200,213.330249
-16.257309,200,213.708524
-365.810862,200,214.087987
-16.841195,200,214.466209
-361.215823,200,214.847919
-139.750722,200,215.227077
-138.727513,200,215.603273
-265.244329,200,215.981492
-135.088395,200,217.249832
-146.092968,200,217.625803
-138.398357,200,218.003764
-296.407168,200,218.382974
-272.343009,200,218.765673
-385.842046,200,219.14817
-134.674509,200,219.533596
-269.252474,200,219.91509
-139.83608,200,220.302088
-17.920741,200,220.683521
-14.974158,200,221.066353
-17.953189,200,221.451186
-267.502057,200,221.840707
-253.654002,200,222.222598
-280.322801,200,222.598613
-16.644899,200,222.970687
-291.272731,200,224.222871
-277.015095,200,224.594588
-17.838941,200,224.966469
-253.665535,200,225.344863
-278.324861,200,225.721483
-143.41926,200,226.126333
-141.145905,200,226.522573
-17.345569,200,226.911034
-143.569193,200,227.302255
-143.391986,200,227.709207
-17.829106,200,228.100391
-289.276875,200,228.473283
-140.986027,200,228.8728
-139.993649,200,229.255458
-259.10339,200,229.66113
-262.373086,200,230.982205
-17.404932,200,231.368596
-282.380562,200,231.746101
-143.820036,200,232.125624
-133.844665,200,232.502735
-14.44378,200,232.88236
-146.984478,200,233.261224
-142.499694,200,233.637649
-141.546365,200,234.017316
-142.553002,200,234.390511
-302.49524,200,234.760819
-141.602896,200,235.142455
-142.515757,200,235.537671
-264.529234,200,235.913834
-344.307292,200,236.285742
-141.670956,200,236.658414
-138.70051,200,237.928541
-148.159289,200,238.309112
-19.127891,200,238.671093
-385.745248,200,239.044805
-153.680782,200,239.412691
-290.732461,200,239.793202
-17.439443,200,240.164729
-147.135443,200,240.542835
-143.326205,200,240.916795
-374.27871,200,241.296712
-144.17294,200,241.674567
-143.230764,200,242.051708
-375.793613,200,242.429419
-143.712875,200,242.811369
-350.465596,200,243.184301
-315.255489,200,244.437152
-141.119498,200,244.813776
-156.769982,200,245.196473
-142.844668,200,245.568596
-393.190372,200,245.943928
-408.903042,200,246.319652
-144.02266,200,246.700935
-265.137109,200,247.081531
-292.645022,200,247.461173
-266.405599,200,247.839736
-287.448937,200,248.220786
-138.59429,200,248.606131
-146.045133,200,248.997597
-476.744372,200,249.387638
-371.98458,200,249.77494
-311.154533,200,250.157095
-144.839626,200,251.406952
-139.060726,200,251.787655
-146.544278,200,252.171243
-389.455611,200,252.546923
-145.749708,200,252.923665
-271.581109,200,253.307507
-142.558151,200,253.686406
-137.847239,200,254.070326
-19.948499,200,254.450231
-144.755939,200,254.839908
-281.870983,200,255.216842
-139.787452,200,255.589982
-138.163801,200,255.961452
-145.070485,200,256.341917
-15.52237,200,256.723111
-276.66178,200,257.10553
-272.700546,200,258.348302
-287.548467,200,258.724979
-19.970098,200,259.106578
-285.935407,200,259.482042
-275.902176,200,259.859281
-140.652706,200,260.235345
-286.018339,200,260.610769
-151.749923,200,260.983226
-141.989048,200,261.361785
-17.872696,200,261.741345
-143.189384,200,262.116974
-263.116039,200,262.491609
-20.480182,200,262.861871
-139.046618,200,263.231491
-137.014339,200,263.607196
-145.174211,200,264.847082
-338.090945,200,265.224909
-139.835231,200,265.598234
-144.650811,200,265.974275
-18.553369,200,266.347585
-273.700282,200,266.72352
-264.73761,200,267.100224
-138.701864,200,267.49702
-147.200591,200,267.873701
-267.835299,200,268.241672
-361.003966,200,268.620321
-264.944033,200,269.027724
-19.887295,200,269.440116
-263.828289,200,269.838644
-284.076485,200,270.218723
-144.613781,200,270.621203
-255.309014,200,271.905416
-270.096936,200,272.286431
-146.743305,200,272.663792
-280.110075,200,273.071997
-20.536722,200,273.459752
-395.233735,200,273.833797
-268.569828,200,274.218433
-146.134148,200,274.602499
-19.156682,200,274.982696
-137.046489,200,275.379672
-261.09258,200,275.765204
-130.895021,200,276.155529
-150.857108,200,276.545201
-143.474557,200,276.933603
-20.786303,200,277.32497
-274.062903,200,277.717827
